results = [0	10.5509828257353
0.0100000000000000	11.6552681097373
0.0200000000000000	11.3550561075135
0.0300000000000000	11.6510625517308
0.0400000000000000	11.5463264541092
0.0500000000000000	11.6345398953473
0.0600000000000000	11.3939214987168
0.0700000000000000	11.5293879028958
0.0800000000000000	11.5147685407745
0.0900000000000000	10.9799855683641
0.100000000000000	11.3115837855589
0.110000000000000	11.8381988406739
0.120000000000000	10.6232571442209
0.130000000000000	11.3038250771364
0.140000000000000	11.2128756603960
0.150000000000000	11.9293866503881
0.160000000000000	11.5261900842377
0.170000000000000	12.0621369414643
0.180000000000000	11.4707618322941
0.190000000000000	11.8580021546990
0.200000000000000	11.3030580449326
0.210000000000000	11.4191618287873
0.220000000000000	10.8701738897495
0.230000000000000	11.5520959177020
0.240000000000000	12.0424217939232
0.250000000000000	11.3952778431618
0.260000000000000	11.3086446684020
0.270000000000000	11.7733805694235
0.280000000000000	10.7143022814658
0.290000000000000	11.8874738321795
0.300000000000000	10.5618210760759
0.310000000000000	11.3117354206097
0.320000000000000	11.5492647426429
0.330000000000000	11.3660169443481
0.340000000000000	11.2196109053037
0.350000000000000	10.9659239734648
0.360000000000000	11.3694639484685
0.370000000000000	11.8174745665869
0.380000000000000	11.4508893517645
0.390000000000000	11.8253007152366
0.400000000000000	10.5306477709612
0.410000000000000	11.1241028414518
0.420000000000000	10.4970346096547
0.430000000000000	11.1227614226528
0.440000000000000	11.3098246564421
0.450000000000000	10.4683064292544
0.460000000000000	11.3828232327070
0.470000000000000	10.7831329069407
0.480000000000000	11.4988624771321
0.490000000000000	10.5776258466453
0.500000000000000	10.1730844844670
0.510000000000000	10.3739721199478
0.520000000000000	10.1310924079005
0.530000000000000	11.3933440053850
0.540000000000000	9.95205622041806
0.550000000000000	10.0581045369869
0.560000000000000	9.86218247807937
0.570000000000000	10.1242501935252
0.580000000000000	9.77228042489643
0.590000000000000	10.6729439405441
0.600000000000000	10.4378013865574
0.610000000000000	9.98260055427670
0.620000000000000	9.85582188411122
0.630000000000000	9.65137554887123
0.640000000000000	10.0165706937581
0.650000000000000	9.42342055175499
0.660000000000000	10.2626057296909
0.670000000000000	10.0226734295681
0.680000000000000	9.71143614767309
0.690000000000000	10.3098413783245
0.700000000000000	10.3951768670414
0.710000000000000	9.47185888671245
0.720000000000000	9.79072292106990
0.730000000000000	9.62979585388222
0.740000000000000	9.41085175080057
0.750000000000000	10.0962974483659
0.760000000000000	10.2490406104401
0.770000000000000	9.65190147048677
0.780000000000000	8.92022466861510
0.790000000000000	8.76816780426239
0.800000000000000	9.38816796392454
0.810000000000000	8.94485279661703
0.820000000000000	8.78744395979377
0.830000000000000	9.14293925026668
0.840000000000000	8.52009299830622
0.850000000000000	9.19813357153884
0.860000000000000	8.19436805769024
0.870000000000000	8.09174267513596
0.880000000000000	8.39965894215012
0.890000000000000	8.01461441883808
0.900000000000000	9.17748070923918
0.910000000000000	9.02409022951065
0.920000000000000	8.27477558839935
0.930000000000000	7.86160645583285
0.940000000000000	8.17954852425098
0.950000000000000	8.08383641464360
0.960000000000000	8.47786821087850
0.970000000000000	7.91924397988975
0.980000000000000	8.66167400496630
0.990000000000000	8.52601087265197
1	8.50888887369386
1.01000000000000	7.52418925015781
1.02000000000000	7.36368232297212
1.03000000000000	8.18122682756389
1.04000000000000	7.08883531178022
1.05000000000000	6.89249383097693
1.06000000000000	7.39914193225678
1.07000000000000	7.89857328977873
1.08000000000000	7.06603035141886
1.09000000000000	6.70760029099664
1.10000000000000	6.42368145486285
1.11000000000000	7.62668906254400
1.12000000000000	7.05286968518115
1.13000000000000	6.63622250546950
1.14000000000000	6.98878490628869
1.15000000000000	7.10108097213743
1.16000000000000	6.33446862681342
1.17000000000000	6.79470325395036
1.18000000000000	5.98299525275387
1.19000000000000	7.03699368332630
1.20000000000000	6.58844074386602
1.21000000000000	5.69296029628061
1.22000000000000	6.02883636685575
1.23000000000000	6.23641518158450
1.24000000000000	6.60433589704056
1.25000000000000	5.92606994453764
1.26000000000000	5.99472334637138
1.27000000000000	5.99944988259864
1.28000000000000	6.28652070019836
1.29000000000000	5.05479308985071
1.30000000000000	5.35827633393334
1.31000000000000	5.14291931529621
1.32000000000000	5.63994176750423
1.33000000000000	5.86041174879362
1.34000000000000	5.18609216602766
1.35000000000000	5.58496631055179
1.36000000000000	4.79249447714639
1.37000000000000	5.05473961462989
1.38000000000000	4.74068166816707
1.39000000000000	5.43085197993076
1.40000000000000	5.02843025143197
1.41000000000000	5.18604466177342
1.42000000000000	4.03835792018238
1.43000000000000	4.22243596528190
1.44000000000000	4.88603278564936
1.45000000000000	3.99027835811525
1.46000000000000	3.64955076585487
1.47000000000000	4.18621627064171
1.48000000000000	4.87029886180049
1.49000000000000	3.79245263190785
1.50000000000000	4.18897105683026
1.51000000000000	3.80945013535091
1.52000000000000	3.24689652716421
1.53000000000000	3.89455144996618
1.54000000000000	4.32251065897580
1.55000000000000	3.40932430209082
1.56000000000000	3.02935215051394
1.57000000000000	3.27073214274580
1.58000000000000	3.83346337614445
1.59000000000000	3.27867430861318
1.60000000000000	3.71686646895274
1.61000000000000	2.69107150015647
1.62000000000000	3.69350403343567
1.63000000000000	3.14882359410393
1.64000000000000	2.55906470225974
1.65000000000000	3.06542141769582
1.66000000000000	3.47939272419713
1.67000000000000	3.73642132067374
1.68000000000000	3.78088886550137
1.69000000000000	3.73141850701578
1.70000000000000	3.55315157300962
1.71000000000000	3.46064528394856
1.72000000000000	3.31793189102447
1.73000000000000	2.90436933975312
1.74000000000000	2.65663892977486
1.75000000000000	2.17647108764692
1.76000000000000	2.92620959743985
1.77000000000000	3.19975870758139
1.78000000000000	2.27629031730754
1.79000000000000	3.08627473227305
1.80000000000000	1.89485865430248
1.81000000000000	2.32067722414640
1.82000000000000	2.11957810460245
1.83000000000000	1.91261683383030
1.84000000000000	2.59672616086697
1.85000000000000	2.09286529061014
1.86000000000000	3.02613519838572
1.87000000000000	2.30573395423632
1.88000000000000	2.63698520397063
1.89000000000000	1.52065159948775
1.90000000000000	2.38309164672188
1.91000000000000	2.31438219713249
1.92000000000000	2.63651745439485
1.93000000000000	2.38474664608088
1.94000000000000	2.69758405785181
1.95000000000000	2.71284919627829
1.96000000000000	1.56778831283393
1.97000000000000	1.60955829481056
1.98000000000000	2.48949932819996
1.99000000000000	1.37753799077247
2	1.85576022507148
2.01000000000000	1.70659937792715
2.02000000000000	2.34464071330379
2.03000000000000	1.38749073150913
2.04000000000000	2.40892807133707
2.05000000000000	2.38412409590301
2.06000000000000	1.99966638922663
2.07000000000000	1.57320594376970
2.08000000000000	1.29278001013164
2.09000000000000	2.11928127752678
2.10000000000000	1.21287803117357
2.11000000000000	1.26524408456907
2.12000000000000	1.36396102170972
2.13000000000000	1.84385788395137
2.14000000000000	2.17585777316439
2.15000000000000	2.45195311512055
2.16000000000000	1.91689525160181
2.17000000000000	1.24484293071553
2.18000000000000	1.64584365330213
2.19000000000000	2.14195141176212
2.20000000000000	2.36446517131479
2.21000000000000	1.62495254888608
2.22000000000000	1.94532121647567
2.23000000000000	2.43440371136945
2.24000000000000	2.10860609830199
2.25000000000000	2.03063050673856
2.26000000000000	1.73328976883629
2.27000000000000	1.86639655916515
2.28000000000000	2.45263430986010
2.29000000000000	1.79007115438537
2.30000000000000	1.98366024117474
2.31000000000000	1.85682140467169
2.32000000000000	2.34060878979839
